5
95 42 -73 -64 91 
-96 2 53 -8 82 
-79 16 18 -5 -53 
26 71 38 -31 12 
-33 -1 -65 -6 3 
4
-59 -33 34 0 
69 24 -22 58 
62 -36 5 45 
-19 -73 61 -9 
5
95 42 -73 -64 91 
-96 2 53 -8 82 
-79 16 18 -5 -53 
26 71 38 -31 12 
-33 -1 -65 -6 3 
4
-59 -33 34 0 
69 24 -22 58 
62 -36 5 45 
-19 -73 61 -9 
5
95 42 -73 -64 91 
-96 2 53 -8 82 
-79 16 18 -5 -53 
26 71 38 -31 12 
-33 -1 -65 -6 3 
4
-59 -33 34 0 
69 24 -22 58 
62 -36 5 45 
-19 -73 61 -9 
5
95 42 -73 -64 91 
-96 2 53 -8 82 
-79 16 18 -5 -53 
26 71 38 -31 12 
-33 -1 -65 -6 3 
4
-59 -33 34 0 
69 24 -22 58 
62 -36 5 45 
-19 -73 61 -9 
5
95 42 -73 -64 91 
-96 2 53 -8 82 
-79 16 18 -5 -53 
26 71 38 -31 12 
-33 -1 -65 -6 3 
4
-59 -33 34 0 
69 24 -22 58 
62 -36 5 45 
-19 -73 61 -9 
5
95 42 -73 -64 91 
-96 2 53 -8 82 
-79 16 18 -5 -53 
26 71 38 -31 12 
-33 -1 -65 -6 3 
4
-59 -33 34 0 
69 24 -22 58 
62 -36 5 45 
-19 -73 61 -9 
5
95 42 -73 -64 91 
-96 2 53 -8 82 
-79 16 18 -5 -53 
26 71 38 -31 12 
-33 -1 -65 -6 3 
4
-59 -33 34 0 
69 24 -22 58 
62 -36 5 45 
-19 -73 61 -9 
5
95 42 -73 -64 91 
-96 2 53 -8 82 
-79 16 18 -5 -53 
26 71 38 -31 12 
-33 -1 -65 -6 3 
4
-59 -33 34 0 
69 24 -22 58 
62 -36 5 45 
-19 -73 61 -9 
5
95 42 -73 -64 91 
-96 2 53 -8 82 
-79 16 18 -5 -53 
26 71 38 -31 12 
-33 -1 -65 -6 3 
4
-59 -33 34 0 
69 24 -22 58 
62 -36 5 45 
-19 -73 61 -9 
5
95 42 -73 -64 91 
-96 2 53 -8 82 
-79 16 18 -5 -53 
26 71 38 -31 12 
-33 -1 -65 -6 3 
4
-59 -33 34 0 
69 24 -22 58 
62 -36 5 45 
-19 -73 61 -9 
5
95 42 -73 -64 91 
-96 2 53 -8 82 
-79 16 18 -5 -53 
26 71 38 -31 12 
-33 -1 -65 -6 3 
4
-59 -33 34 0 
69 24 -22 58 
62 -36 5 45 
-19 -73 61 -9 
